% Intrinsic and Extrinsic Camera Parameters
%
% This script file can be directly executed under Matlab to recover the camera intrinsic and extrinsic parameters.
% IMPORTANT: This file contains neither the structure of the calibration objects nor the image coordinates of the calibration points.
%            All those complementary variables are saved in the complete matlab data file Calib_Results.mat.
% For more information regarding the calibration model visit http://www.vision.caltech.edu/bouguetj/calib_doc/


%-- Focal length:
fc = [ 696.631370276213829 ; 688.430910512066930 ];

%-- Principal point:
cc = [ 343.774440187973596 ; 304.051147293626400 ];

%-- Skew coefficient:
alpha_c = 0.000000000000000;

%-- Distortion coefficients:
kc = [ 0.149506890618806 ; -0.134985431149357 ; 0.018618054219488 ; 0.010746052973075 ; 0.000000000000000 ];

%-- Focal length uncertainty:
fc_error = [ 15.725999194293914 ; 14.471156319614902 ];

%-- Principal point uncertainty:
cc_error = [ 3.642793958863586 ; 10.804647079537190 ];

%-- Skew coefficient uncertainty:
alpha_c_error = 0.000000000000000;

%-- Distortion coefficients uncertainty:
kc_error = [ 0.010579890763361 ; 0.083231835513640 ; 0.002815706244953 ; 0.001785652311305 ; 0.000000000000000 ];

%-- Image size:
nx = 640;
ny = 480;


%-- Various other variables (may be ignored if you do not use the Matlab Calibration Toolbox):
%-- Those variables are used to control which intrinsic parameters should be optimized

n_ima = 70;						% Number of calibration images
est_fc = [ 1 ; 1 ];					% Estimation indicator of the two focal variables
est_aspect_ratio = 1;				% Estimation indicator of the aspect ratio fc(2)/fc(1)
center_optim = 1;					% Estimation indicator of the principal point
est_alpha = 0;						% Estimation indicator of the skew coefficient
est_dist = [ 1 ; 1 ; 1 ; 1 ; 0 ];	% Estimation indicator of the distortion coefficients


%-- Extrinsic parameters:
%-- The rotation (omc_kk) and the translation (Tc_kk) vectors for every calibration image and their uncertainties

%-- Image #1:
omc_1 = [ -2.229298e+00 ; -2.018496e+00 ; -4.486347e-01 ];
Tc_1  = [ -1.658698e+02 ; -1.063456e+02 ; 6.270487e+02 ];
omc_error_1 = [ 3.190799e-03 ; 4.306603e-03 ; 1.182346e-02 ];
Tc_error_1  = [ 3.368968e+00 ; 1.019381e+01 ; 1.345677e+01 ];

%-- Image #2:
omc_2 = [ -2.229298e+00 ; -2.018496e+00 ; -4.486346e-01 ];
Tc_2  = [ -1.658698e+02 ; -1.063456e+02 ; 6.270487e+02 ];
omc_error_2 = [ 3.190798e-03 ; 4.306602e-03 ; 1.182346e-02 ];
Tc_error_2  = [ 3.368968e+00 ; 1.019381e+01 ; 1.345677e+01 ];

%-- Image #3:
omc_3 = [ -2.229298e+00 ; -2.018496e+00 ; -4.486349e-01 ];
Tc_3  = [ -1.658698e+02 ; -1.063456e+02 ; 6.270486e+02 ];
omc_error_3 = [ 3.190800e-03 ; 4.306606e-03 ; 1.182346e-02 ];
Tc_error_3  = [ 3.368968e+00 ; 1.019381e+01 ; 1.345677e+01 ];

%-- Image #4:
omc_4 = [ -2.229298e+00 ; -2.018496e+00 ; -4.486347e-01 ];
Tc_4  = [ -1.658698e+02 ; -1.063456e+02 ; 6.270487e+02 ];
omc_error_4 = [ 3.190798e-03 ; 4.306603e-03 ; 1.182346e-02 ];
Tc_error_4  = [ 3.368968e+00 ; 1.019381e+01 ; 1.345677e+01 ];

%-- Image #5:
omc_5 = [ -2.229298e+00 ; -2.018496e+00 ; -4.486347e-01 ];
Tc_5  = [ -1.658698e+02 ; -1.063456e+02 ; 6.270486e+02 ];
omc_error_5 = [ 3.190799e-03 ; 4.306604e-03 ; 1.182346e-02 ];
Tc_error_5  = [ 3.368968e+00 ; 1.019381e+01 ; 1.345677e+01 ];

%-- Image #6:
omc_6 = [ -2.229298e+00 ; -2.018496e+00 ; -4.486346e-01 ];
Tc_6  = [ -1.658698e+02 ; -1.063456e+02 ; 6.270487e+02 ];
omc_error_6 = [ 3.190798e-03 ; 4.306602e-03 ; 1.182346e-02 ];
Tc_error_6  = [ 3.368968e+00 ; 1.019381e+01 ; 1.345677e+01 ];

%-- Image #7:
omc_7 = [ -2.229298e+00 ; -2.018496e+00 ; -4.486346e-01 ];
Tc_7  = [ -1.658698e+02 ; -1.063456e+02 ; 6.270487e+02 ];
omc_error_7 = [ 3.190798e-03 ; 4.306602e-03 ; 1.182346e-02 ];
Tc_error_7  = [ 3.368968e+00 ; 1.019381e+01 ; 1.345677e+01 ];

%-- Image #8:
omc_8 = [ -2.229298e+00 ; -2.018496e+00 ; -4.486347e-01 ];
Tc_8  = [ -1.658698e+02 ; -1.063456e+02 ; 6.270487e+02 ];
omc_error_8 = [ 3.190799e-03 ; 4.306604e-03 ; 1.182346e-02 ];
Tc_error_8  = [ 3.368968e+00 ; 1.019381e+01 ; 1.345677e+01 ];

%-- Image #9:
omc_9 = [ -2.229298e+00 ; -2.018496e+00 ; -4.486346e-01 ];
Tc_9  = [ -1.658698e+02 ; -1.063456e+02 ; 6.270487e+02 ];
omc_error_9 = [ 3.190798e-03 ; 4.306602e-03 ; 1.182346e-02 ];
Tc_error_9  = [ 3.368968e+00 ; 1.019381e+01 ; 1.345677e+01 ];

%-- Image #10:
omc_10 = [ -2.229298e+00 ; -2.018496e+00 ; -4.486348e-01 ];
Tc_10  = [ -1.658698e+02 ; -1.063456e+02 ; 6.270486e+02 ];
omc_error_10 = [ 3.190799e-03 ; 4.306605e-03 ; 1.182346e-02 ];
Tc_error_10  = [ 3.368968e+00 ; 1.019381e+01 ; 1.345677e+01 ];

%-- Image #11:
omc_11 = [ -2.229298e+00 ; -2.018496e+00 ; -4.486347e-01 ];
Tc_11  = [ -1.658698e+02 ; -1.063456e+02 ; 6.270487e+02 ];
omc_error_11 = [ 3.190799e-03 ; 4.306603e-03 ; 1.182346e-02 ];
Tc_error_11  = [ 3.368968e+00 ; 1.019381e+01 ; 1.345677e+01 ];

%-- Image #12:
omc_12 = [ -2.229298e+00 ; -2.018496e+00 ; -4.486347e-01 ];
Tc_12  = [ -1.658698e+02 ; -1.063456e+02 ; 6.270487e+02 ];
omc_error_12 = [ 3.190798e-03 ; 4.306603e-03 ; 1.182346e-02 ];
Tc_error_12  = [ 3.368968e+00 ; 1.019381e+01 ; 1.345677e+01 ];

%-- Image #13:
omc_13 = [ -2.229298e+00 ; -2.018496e+00 ; -4.486347e-01 ];
Tc_13  = [ -1.658698e+02 ; -1.063456e+02 ; 6.270487e+02 ];
omc_error_13 = [ 3.190799e-03 ; 4.306603e-03 ; 1.182346e-02 ];
Tc_error_13  = [ 3.368968e+00 ; 1.019381e+01 ; 1.345677e+01 ];

%-- Image #14:
omc_14 = [ -2.229298e+00 ; -2.018496e+00 ; -4.486349e-01 ];
Tc_14  = [ -1.658698e+02 ; -1.063456e+02 ; 6.270486e+02 ];
omc_error_14 = [ 3.190800e-03 ; 4.306606e-03 ; 1.182346e-02 ];
Tc_error_14  = [ 3.368968e+00 ; 1.019381e+01 ; 1.345677e+01 ];

%-- Image #15:
omc_15 = [ -2.229298e+00 ; -2.018496e+00 ; -4.486347e-01 ];
Tc_15  = [ -1.658698e+02 ; -1.063456e+02 ; 6.270486e+02 ];
omc_error_15 = [ 3.190799e-03 ; 4.306604e-03 ; 1.182346e-02 ];
Tc_error_15  = [ 3.368968e+00 ; 1.019381e+01 ; 1.345677e+01 ];

%-- Image #16:
omc_16 = [ -2.229298e+00 ; -2.018496e+00 ; -4.486348e-01 ];
Tc_16  = [ -1.658698e+02 ; -1.063456e+02 ; 6.270486e+02 ];
omc_error_16 = [ 3.190799e-03 ; 4.306605e-03 ; 1.182346e-02 ];
Tc_error_16  = [ 3.368968e+00 ; 1.019381e+01 ; 1.345677e+01 ];

%-- Image #17:
omc_17 = [ -2.229298e+00 ; -2.018496e+00 ; -4.486346e-01 ];
Tc_17  = [ -1.658698e+02 ; -1.063456e+02 ; 6.270487e+02 ];
omc_error_17 = [ 3.190798e-03 ; 4.306603e-03 ; 1.182346e-02 ];
Tc_error_17  = [ 3.368968e+00 ; 1.019381e+01 ; 1.345677e+01 ];

%-- Image #18:
omc_18 = [ -2.229298e+00 ; -2.018496e+00 ; -4.486347e-01 ];
Tc_18  = [ -1.658698e+02 ; -1.063456e+02 ; 6.270487e+02 ];
omc_error_18 = [ 3.190799e-03 ; 4.306603e-03 ; 1.182346e-02 ];
Tc_error_18  = [ 3.368968e+00 ; 1.019381e+01 ; 1.345677e+01 ];

%-- Image #19:
omc_19 = [ -2.229298e+00 ; -2.018496e+00 ; -4.486347e-01 ];
Tc_19  = [ -1.658698e+02 ; -1.063456e+02 ; 6.270487e+02 ];
omc_error_19 = [ 3.190799e-03 ; 4.306603e-03 ; 1.182346e-02 ];
Tc_error_19  = [ 3.368968e+00 ; 1.019381e+01 ; 1.345677e+01 ];

%-- Image #20:
omc_20 = [ -2.229298e+00 ; -2.018496e+00 ; -4.486346e-01 ];
Tc_20  = [ -1.658698e+02 ; -1.063456e+02 ; 6.270487e+02 ];
omc_error_20 = [ 3.190798e-03 ; 4.306602e-03 ; 1.182346e-02 ];
Tc_error_20  = [ 3.368968e+00 ; 1.019381e+01 ; 1.345677e+01 ];

%-- Image #21:
omc_21 = [ -2.229298e+00 ; -2.018496e+00 ; -4.486348e-01 ];
Tc_21  = [ -1.658698e+02 ; -1.063456e+02 ; 6.270486e+02 ];
omc_error_21 = [ 3.190799e-03 ; 4.306605e-03 ; 1.182346e-02 ];
Tc_error_21  = [ 3.368968e+00 ; 1.019381e+01 ; 1.345677e+01 ];

%-- Image #22:
omc_22 = [ -2.229298e+00 ; -2.018496e+00 ; -4.486347e-01 ];
Tc_22  = [ -1.658698e+02 ; -1.063456e+02 ; 6.270486e+02 ];
omc_error_22 = [ 3.190799e-03 ; 4.306604e-03 ; 1.182346e-02 ];
Tc_error_22  = [ 3.368968e+00 ; 1.019381e+01 ; 1.345677e+01 ];

%-- Image #23:
omc_23 = [ -2.229298e+00 ; -2.018496e+00 ; -4.486347e-01 ];
Tc_23  = [ -1.658698e+02 ; -1.063456e+02 ; 6.270486e+02 ];
omc_error_23 = [ 3.190799e-03 ; 4.306604e-03 ; 1.182346e-02 ];
